160
2 28 39
2 35 85
2 93 126
2 97 169
2 190 238
2 196 257
2 197 262
2 252 314
2 286 323
2 333 335
2 369 343
2 420 374
2 423 465
2 441 470
2 146 215
2 179 260
2 216 331
2 220 368
2 224 408
2 229 415
2 239 417
2 243 457
2 250 485
2 253 272
2 290 327
2 293 380
2 303 402
2 317 436
2 318 464
2 321 479
2 338 480
2 340 344
2 346 355
2 349 383
2 354 418
2 389 428
2 398 469
2 413 476
2 416 440
2 466 471
3 12 4 496
3 33 9 74
3 47 77 142
3 165 42 173
3 300 94 202
3 326 62 241
3 482 37 265
3 1 112 297
3 14 359 305
3 21 160 309
3 256 32 312
3 279 36 342
3 299 56 381
3 306 69 382
3 315 144 426
3 322 407 458
3 330 295 477
3 421 46 481
3 454 468 493
3 7 455 67
3 17 225 88
3 86 353 98
3 154 409 125
3 189 371 137
3 212 463 206
3 334 193 209
3 352 387 211
3 358 311 291
3 414 34 296
3 492 162 308
3 11 141 386
3 120 219 487
3 156 231 491
3 158 495 43
3 182 147 58
3 213 410 75
3 266 108 82
3 319 329 127
3 337 350 222
3 443 240 223
3 462 52 227
3 484 0 248
3 155 166 483
3 210 439 489
3 376 452 83
3 16 446 66
3 22 377 378
3 29 101 339
3 70 341 363
3 92 390 325
3 107 432 244
3 109 151 332
3 114 372 247
3 129 233 200
3 138 379 269
3 148 207 185
3 152 307 245
3 164 284 167
3 174 304 195
3 110 176 316
4 64 89 57 393
4 72 362 44 404
4 73 192 118 478
4 170 177 87 53
4 301 472 45 122
4 38 324 143 366
4 48 486 50 406
4 111 175 30 435
4 113 5 361 456
4 221 298 78 2
4 234 264 280 51
4 261 445 285 63
4 310 412 81 68
4 434 263 136 84
4 448 218 172 96
4 451 360 168 150
4 475 437 25 171
4 15 499 198 191
4 19 474 268 194
4 20 473 153 205
4 60 433 41 246
4 61 422 54 130
4 181 367 79 255
4 187 201 80 460
4 199 277 115 287
4 208 236 186 357
4 249 459 217 461
4 258 396 429 370
4 271 405 104 488
4 273 438 6 102
4 288 385 411 134
4 292 403 124 131
4 320 91 347 49
4 356 384 27 135
4 419 498 123 140
4 430 294 267 395
4 3 31 8 40
4 10 391 76 274
4 13 497 282 431
4 18 283 449 161
4 23 149 348 133
4 24 442 159 178
4 55 447 259 183
4 65 444 226 116
4 71 467 345 490
4 90 427 139 228
4 99 328 235 232
4 105 392 95 270
4 117 399 26 275
4 121 400 254 145
4 163 394 450 336
4 180 230 59 157
4 188 351 204 281
4 203 424 251 103
4 214 302 128 184
4 242 388 100 313
4 276 494 373 289
4 278 453 365 119
4 364 425 401 106
4 375 237 132 397